Q_c = 31.827961 MeV
logT_c = 14.5348128364
B = 2.87478756358e-09
