    -8.5662699     0.9427801     0.1747000     0.1863000     0.1747000    -0.0878300    -0.0525100     0.1574600     0.4836800     0.0967400    -0.3869400     0.3025900     0.1772100    -0.1665900     0.0371300     0.2082900     0.6489200    -0.4104200    -0.7177100     0.0000000     0.0000000     0.0000000     0.0000000     0.0000000     0.0000000     0.0000000     0.0000000     0.0000000     0.0000000     0.0000000     0.0000000     0.0000000     0.0000000     0.0000000     0.0000000     0.0000000     0.0000000
     0.9427801    -8.0965004     0.1586500    -0.0683000     0.1586500    -0.2341900     0.1334600     0.3596600     0.5082800     0.1016600    -0.4066300    -0.1831900    -0.4056300     0.0408800     0.2602300     0.0509100    -0.4546200     0.2875300     0.0000000     0.0000000     0.0000000    -0.7177100     0.0000000     0.0000000     0.7177100     0.0000000     0.0000000     0.0000000     0.0000000     0.0000000     0.0000000     0.0000000     0.0000000     0.0000000    -0.9007800     0.0000000     0.9007800
     0.1747000     0.1586500    -8.1268797    -0.9092900     0.9009000     0.0951000     0.0951000     0.4256100    -1.9314500     1.1336200    -0.7347100    -0.3547200    -0.4656600     0.0000000     0.0000000    -1.4725500     0.0000000     0.0000000     0.5241000     0.0502800    -0.1165800     0.2544200     0.3746600    -0.2369500     0.0000000    -0.2291700     0.0000000     0.0000000     0.0000000     0.2562200     0.0000000     0.0000000     0.0000000     0.0000000     0.0000000     0.0000000     0.0000000
     0.1863000    -0.0683000    -0.9092900    -7.1501603    -0.2329400    -0.1983800    -0.2531000    -0.5307200    -0.2032800     0.9522001    -0.1043500     1.1406300     0.7658400     0.0000000     0.0000000     0.0000000    -1.4725500     0.0000000    -0.2590700     0.1059200     0.1813600     0.0683000    -0.6429300     0.5469700     0.0000000     0.0000000     0.0000000    -0.2291700     0.0000000     0.0000000     0.2562200     0.0000000     0.0000000     0.0000000     0.0000000     0.5298400    -0.7108600
     0.1747000     0.1586500     0.9009000    -0.2329400    -7.0904102     0.3716701     0.9016500    -0.2329400     0.6017300    -1.3995600     1.7984700    -0.3547200     0.0000000    -0.8065500    -1.1406300     0.0000000     0.0000000     0.0000000     0.1747000     0.1574600     0.1772100     0.0000000     0.0000000     0.0000000    -0.2544200     0.1863000     0.4836800     0.0967400    -0.3869400     0.0000000     0.0000000     0.0000000     0.0000000     0.0000000     0.0000000     0.0000000     0.0000000
    -0.0878300    -0.2341900     0.0951000    -0.1983800     0.3716701    -7.5201201    -0.9803300    -0.2531000    -0.1894900    -0.6918600    -0.0491400     0.0000000    -0.3547200     0.8123000     0.0000000     0.0000000     0.0000000    -1.1406300    -0.1586500    -0.3596600     0.3025900     0.0000000     0.0000000     0.0000000     0.2341900     0.0683000    -0.5082800    -0.1016600     0.2400400     0.0000000     0.0000000     0.0371300     0.2082900     0.0000000     0.0000000     0.6489200     0.0000000
    -0.0525100     0.1334600     0.0951000    -0.2531000     0.9016500    -0.9803300    -7.4271898    -0.1983800    -0.1894900    -0.6918600     0.3041800     0.4656600     0.0000000    -0.4096000     0.7658400     0.0000000     0.0000000     0.0000000     0.0000000     0.0000000    -0.4056300     0.1747000     0.0000000     0.1574600    -0.1410699     0.0000000     0.0000000     0.0000000    -0.0525100     0.0509100    -0.4546200     0.2875300     0.0000000     0.1863000     0.4836800     0.0000000     0.0967400
     0.1574600     0.3596600     0.4256100    -0.5307200    -0.2329400    -0.2531000    -0.1983800    -8.2095795    -0.2032800     0.3509100    -0.1043500     0.0000000     0.0000000     0.0000000    -0.3547200     0.6054500     0.0000000    -0.4656600    -0.1295400     0.0000000     0.0000000    -0.4052000     0.0830200     0.0000000     0.0000000     0.7396400     0.0000000     0.0502800     0.0000000     0.2369100     0.0000000    -0.1165800    -0.2273100     0.4190500     0.0000000     0.0000000     0.0000000
     0.4836800     0.5082800    -1.9314500    -0.2032800     0.6017300    -0.1894900    -0.1894900    -0.2032800    -6.1487002     0.6898000    -0.4063000     0.0000000     0.0000000     0.0000000     0.0000000     1.4725500     0.6054500     0.0000000     0.0000000     0.0000000     0.0000000     0.0000000    -0.3383400     0.0000000     0.0000000     0.0000000    -0.6493800     0.0000000     0.0000000    -0.2896500     0.1122000     0.0000000     0.0509100     0.0000000    -0.5082800     0.6819300     0.0000000
     0.0967400     0.1016600     1.1336200     0.9522001    -1.3995600    -0.6918600    -0.6918600     0.3509100     0.6898000    -7.4658003     0.8599000     0.0000000     0.0000000     0.0000000     1.1406300     0.0000000     0.6054500     0.7658400     0.0000000    -0.1295400     0.0000000     0.0000000    -0.2663400    -0.4052000     0.0000000    -0.2590700     0.0000000     0.4302900     0.0000000     0.0000000     0.2369100     0.1813600     0.0000000     0.0683000     0.0000000    -0.2273100     0.7116000
    -0.3869400    -0.4066300    -0.7347100    -0.1043500     1.7984700    -0.0491400     0.3041800    -0.1043500    -0.4063000     0.8599000    -7.7618003     0.0000000     0.4656600     0.8065500     0.0000000     0.0000000     0.0000000     0.7658400     0.0000000     0.0000000    -0.1831900    -0.1586500     0.0000000    -0.3596600    -0.1586500     0.0000000     0.0000000     0.0000000     0.4705000     0.0000000     0.0000000     0.2602300     0.0509100     0.0683000    -0.5082800    -0.4546200    -0.1016600
     0.3025900    -0.1831900    -0.3547200     1.1406300    -0.3547200     0.0000000     0.4656600     0.0000000     0.0000000     0.0000000     0.0000000   -12.0827904    -1.6218200     0.2745200    -0.7362000    -0.3007200    -1.0299900     0.6514200     0.3025900     0.0371300    -0.0525100     0.1772100     0.6489200    -0.4104200    -0.1165800     0.0000000     0.0000000     0.0000000     0.0000000     0.0000000     0.0000000     0.0000000     0.0000000     0.0000000     0.0000000     0.0000000     0.0000000
     0.1772100    -0.4056300    -0.4656600     0.7658400     0.0000000    -0.3547200     0.0000000     0.0000000     0.0000000     0.0000000     0.4656600    -1.6218200   -10.5190105    -0.3893800    -0.5781000    -0.4195700    -0.4039200     0.1173000     0.1831900    -0.2602300     0.1338200     0.4056300     0.4546200    -0.2875300     0.0000000     0.0000000     0.0000000     0.0000000    -0.1165800     0.0000000     0.0000000     0.0502800     0.0830200     0.0000000     0.0000000     0.3746600     0.0000000
    -0.1665900     0.0408800     0.0000000     0.0000000    -0.8065500     0.8123000    -0.4096000     0.0000000     0.0000000     0.0000000     0.8065500     0.2745200    -0.3893800   -11.2746201    -0.7366300     0.0535900    -0.4237200    -0.8880700     0.1586500    -0.0683000     0.0000000     0.1747000     0.0000000     0.1863000     0.2899400     0.3596600     0.5082800     0.1016600    -0.4944600     0.0000000     0.0000000     0.0000000     0.0000000     0.1574600     0.4836800     0.0000000     0.0967400
     0.0371300     0.2602300     0.0000000     0.0000000    -1.1406300     0.0000000     0.7658400    -0.3547200     0.0000000     1.1406300     0.0000000    -0.7362000    -0.5781000    -0.7366300   -10.8483906    -0.1947200    -0.3971600    -1.3728200     0.0000000     0.0000000    -0.0683000     0.0000000     0.2082900     0.0000000    -0.1813600     0.3025900     0.0000000     0.0371300     0.0000000     0.2663400     0.6429300    -0.5732200     0.0000000     0.1772100     0.0000000     0.0000000     0.0000000
     0.2082900     0.0509100    -1.4725500     0.0000000     0.0000000     0.0000000     0.0000000     0.6054500     1.4725500     0.0000000     0.0000000    -0.3007200    -0.4195700     0.0535900    -0.1947200   -11.9270306    -0.8618300    -0.0825000     0.2896500     0.0000000     0.0000000    -0.0509100     0.0000000     0.0000000     0.0000000    -0.1122000     0.2562200     0.0000000     0.0000000     0.0344300    -0.2291700     0.0000000     0.6486200    -0.6819300     0.0000000     0.0000000     0.0000000
     0.6489200    -0.4546200     0.0000000    -1.4725500     0.0000000     0.0000000     0.0000000     0.0000000     0.6054500     0.6054500     0.0000000    -1.0299900    -0.4039200    -0.4237200    -0.3971600    -0.8618300    -9.8661499     0.3586000     0.0000000     0.2896500     0.0000000     0.0000000     0.0000000    -0.0509100     0.0000000     0.0000000    -0.2369100    -0.1122000     0.0000000     0.1295400     0.3101200     0.0000000     0.4052000     0.0000000     0.2273100     0.2033100    -0.6819300
    -0.4104200     0.2875300     0.0000000     0.0000000     0.0000000    -1.1406300     0.0000000    -0.4656600     0.0000000     0.7658400     0.7658400     0.6514200     0.1173000    -0.8880700    -1.3728200    -0.0825000     0.3586000    -9.5699005     0.0000000     0.0000000     0.2590700     0.0000000    -0.0509100     0.0000000     0.0000000     0.1831900     0.0000000    -0.2602300    -0.1813600     0.0000000     0.0000000     0.1972600     0.2663400     0.4056300     0.0000000     0.6429300    -0.2875300
    -0.7177100     0.0000000     0.5241000    -0.2590700     0.1747000    -0.1586500     0.0000000    -0.1295400     0.0000000     0.0000000     0.0000000     0.3025900     0.1831900     0.1586500     0.0000000     0.2896500     0.0000000     0.0000000   -12.1115503    -1.6454901     0.2745200    -0.4754800    -1.0299900     0.6514200     0.0951000     0.0776400    -1.9314500     1.1336200    -0.7347100    -0.3472400     0.0000000     0.0000000     0.0000000     0.0000000     0.0000000     0.0000000     0.0000000
     0.0000000     0.0000000     0.0502800     0.1059200     0.1574600    -0.3596600     0.0000000     0.0000000     0.0000000    -0.1295400     0.0000000     0.0371300    -0.2602300    -0.0683000     0.0000000     0.0000000     0.2896500     0.0000000    -1.6454901   -10.3986301    -0.7366300    -0.5781000    -0.3971600     0.1011701    -0.2531000    -0.5307200    -0.2032800     0.0029400    -0.1043500     0.0000000    -0.3472400     0.0000000     0.0000000     0.0000000     0.0000000    -0.7283100     0.9771300
     0.0000000     0.0000000    -0.1165800     0.1813600     0.1772100     0.3025900    -0.4056300     0.0000000     0.0000000     0.0000000    -0.1831900    -0.0525100     0.1338200     0.0000000    -0.0683000     0.0000000     0.0000000     0.2590700     0.2745200    -0.7366300    -9.8497000    -0.3893800    -0.4237200    -0.8880700    -0.3893800     0.0000000     0.0000000     0.0000000     0.2745200    -0.4195700    -0.4039200    -0.4896400    -0.3007200     0.0000000     0.0000000    -1.0299900     0.0000000
     0.0000000    -0.7177100     0.2544200     0.0683000     0.0000000     0.0000000     0.1747000    -0.4052000     0.0000000     0.0000000    -0.1586500     0.1772100     0.4056300     0.1747000     0.0000000    -0.0509100     0.0000000     0.0000000    -0.4754800    -0.5781000    -0.3893800   -11.4515896    -0.4039200    -0.6449300     0.9009000    -0.7525100     0.0000000     0.0000000     0.0951000    -0.6731200     0.0000000     0.0000000    -0.6879000    -0.6449300    -1.9314500     0.0000000     1.1336200
     0.0000000     0.0000000     0.3746600    -0.6429300     0.0000000     0.0000000     0.0000000     0.0830200    -0.3383400    -0.2663400     0.0000000     0.6489200     0.4546200     0.0000000     0.2082900     0.0000000     0.0000000    -0.0509100    -1.0299900    -0.3971600    -0.4237200    -0.4039200   -10.7497501     0.3586000     0.0000000    -0.3007200    -1.0708801    -0.1947200     0.0000000     0.0000000     0.0000000     0.0535900     0.0000000    -0.4195700    -1.0553300     0.0000000    -0.0825000
     0.0000000     0.0000000    -0.2369500     0.5469700     0.0000000     0.0000000     0.1574600     0.0000000     0.0000000    -0.4052000    -0.3596600    -0.4104200    -0.2875300     0.1863000     0.0000000     0.0000000    -0.0509100     0.0000000     0.6514200     0.1011701    -0.8880700    -0.6449300     0.3586000    -9.8163204    -0.2329400     0.0000000     0.0000000    -0.7525100    -0.1983800     0.0000000    -0.6731200     0.0000000     0.0000000    -0.5307200    -0.2032800    -0.6879000    -0.6834800
     0.0000000     0.7177100     0.0000000     0.0000000    -0.2544200     0.2341900    -0.1410699     0.0000000     0.0000000     0.0000000    -0.1586500    -0.1165800     0.0000000     0.2899400    -0.1813600     0.0000000     0.0000000     0.0000000     0.0951000    -0.2531000    -0.3893800     0.9009000     0.0000000    -0.2329400   -10.6053104    -0.1983800    -0.1894900    -0.6918600    -0.4072700     0.0535900    -0.4237200    -0.8880700     0.0000000    -0.2329400     0.6017300     0.0000000    -1.3995600
     0.0000000     0.0000000    -0.2291700     0.0000000     0.1863000     0.0683000     0.0000000     0.7396400     0.0000000    -0.2590700     0.0000000     0.0000000     0.0000000     0.3596600     0.3025900    -0.1122000     0.0000000     0.1831900     0.0776400    -0.5307200     0.0000000    -0.7525100    -0.3007200     0.0000000    -0.1983800   -11.5356998    -0.2032800    -0.3852900    -0.1043500    -0.1373400     0.0000000     0.2745200    -0.7045600    -0.9749400     0.0000000     0.0000000     0.0000000
     0.0000000     0.0000000     0.0000000     0.0000000     0.4836800    -0.5082800     0.0000000     0.0000000    -0.6493800     0.0000000     0.0000000     0.0000000     0.0000000     0.5082800     0.0000000     0.2562200    -0.2369100     0.0000000    -1.9314500    -0.2032800     0.0000000     0.0000000    -1.0708801     0.0000000    -0.1894900    -0.2032800   -10.1333704     0.6898000    -0.4063000    -0.3472400    -0.1373400     0.0000000    -0.6731200     0.0000000    -1.2559299    -0.1428900     0.0000000
     0.0000000     0.0000000     0.0000000    -0.2291700     0.0967400    -0.1016600     0.0000000     0.0502800     0.0000000     0.4302900     0.0000000     0.0000000     0.0000000     0.1016600     0.0371300     0.0000000    -0.1122000    -0.2602300     1.1336200     0.0029400     0.0000000     0.0000000    -0.1947200    -0.7525100    -0.6918600    -0.3852900     0.6898000   -10.0557203     0.8599000     0.0000000    -0.1373400    -0.7366300     0.0000000    -0.5781000     0.0000000    -0.7045600    -1.2559199
     0.0000000     0.0000000     0.0000000     0.0000000    -0.3869400     0.2400400    -0.0525100     0.0000000     0.0000000     0.0000000     0.4705000     0.0000000    -0.1165800    -0.4944600     0.0000000     0.0000000     0.0000000    -0.1813600    -0.7347100    -0.1043500     0.2745200     0.0951000     0.0000000    -0.1983800    -0.4072700    -0.1043500    -0.4063000     0.8599000   -10.2284698     0.0000000     0.0000000    -0.7366300     0.0535900    -0.2531000    -0.1894900    -0.4237200    -0.6918600
     0.0000000     0.0000000     0.2562200     0.0000000     0.0000000     0.0000000     0.0509100     0.2369100    -0.2896500     0.0000000     0.0000000     0.0000000     0.0000000     0.0000000     0.2663400     0.0344300     0.1295400     0.0000000    -0.3472400     0.0000000    -0.4195700    -0.6731200     0.0000000     0.0000000     0.0535900    -0.1373400    -0.3472400     0.0000000     0.0000000   -10.4511700     0.1073000    -0.0825000    -0.6286600    -0.1428900     0.0000000     0.0000000     0.0000000
     0.0000000     0.0000000     0.0000000     0.2562200     0.0000000     0.0000000    -0.4546200     0.0000000     0.1122000     0.2369100     0.0000000     0.0000000     0.0000000     0.0000000     0.6429300    -0.2291700     0.3101200     0.0000000     0.0000000    -0.3472400    -0.4039200     0.0000000     0.0000000    -0.6731200    -0.4237200     0.0000000    -0.1373400    -0.1373400     0.0000000     0.1073000    -9.3594208     0.3586000    -0.7525100     0.0000000    -0.7045600    -1.1281199    -0.1428900
     0.0000000     0.0000000     0.0000000     0.0000000     0.0000000     0.0371300     0.2875300    -0.1165800     0.0000000     0.1813600     0.2602300     0.0000000     0.0502800     0.0000000    -0.5732200     0.0000000     0.0000000     0.1972600     0.0000000     0.0000000    -0.4896400     0.0000000     0.0535900     0.0000000    -0.8880700     0.2745200     0.0000000    -0.7366300    -0.7366300    -0.0825000     0.3586000    -9.5591402    -0.1947200    -0.3893800     0.0000000    -0.3971600    -0.8880700
     0.0000000     0.0000000     0.0000000     0.0000000     0.0000000     0.2082900     0.0000000    -0.2273100     0.0509100     0.0000000     0.0509100     0.0000000     0.0830200     0.0000000     0.0000000     0.6486200     0.4052000     0.2663400     0.0000000     0.0000000    -0.3007200    -0.6879000     0.0000000     0.0000000     0.0000000    -0.7045600    -0.6731200     0.0000000     0.0535900    -0.6286600    -0.7525100    -0.1947200    -9.9792299     0.3803600    -0.6879000    -0.6152700     0.0000000
